3 0.49862288135593213 0.5186440677966102 0.10868644067796591 0.2067796610169491
0 0.3742055084745763 0.41271186440677965 0.03908898305084747 0.06949152542372886
0 0.4004237288135593 0.3550847457627118 0.028601694915254258 0.05593220338983052
0 0.05386652542372881 0.19152542372881357 0.04099576271186439 0.030508474576271177
0 0.09533898305084745 0.16440677966101697 0.04194915254237288 0.03050847457627116
0 0.1148834745762712 0.19152542372881357 0.03718220338983052 0.030508474576271177
0 0.19735169491525426 0.22033898305084748 0.02288135593220339 0.05084745762711865
0 0.2316737288135593 0.20423728813559322 0.049576271186440694 0.04237288135593218
0 0.3975635593220339 0.2788135593220339 0.020974576271186436 0.05593220338983052
0 0.38707627118644067 0.3042372881355932 0.019067796610169482 0.022033898305084777
0 0.8408898305084743 0.2194915254237288 0.05148305084745755 0.06610169491525429
0 0.9448093220338982 0.11949152542372882 0.06673728813559336 0.07627118644067797
